766
101
240
469
688
81
15
305
951
144
201
458
715
905
326
349
471
732
194
333
370
543
234
395
431
170
183
407
154
591
456
219
26
21
128
143
91
426
580
221
481
821
69
717
353
72
295
808
113
308
981
337
428
213
483
887
413
448
493
39
594
400
215
541
329
200
962
385
505
263
254
484
379
924
344
754
217
482
562
224
252
57
274
425
388
476
28
179
852
161
522
126
190
479
100
137
802
8
273
121
940
601
652
44
237
321
674
701
106
250
64
409
826
487
862
208
742
25
683
607
511
184
189
140
470
192
424
325
4
733
223
738
80
753
871
76
279
500
211
906
914
494
260
555
451
157
88
427
31
595
304
569
899
929
455
318
41
51
203
149
147
441
136
162
293
18
773
314
908
89
312
606
610
92
303
435
501
364
627
785
475
583
52
495
883
907
712
533
302
911
524
953
125
478
167
744
442
74
814
249
641
119
998
133
751
447
622
49
434
552
276
360
131
120
346
37
421
231
895
373
222
642
711
292
272
898
1001
663
331
195
731
168
202
99
473
503
946
10
380
253
942
582
775
226
309
890
719
504
198
311
306
239
832
639
323
171
608
294
178
264
881
544
438
354
317
352
23
403
740
47
363
297
266
32
24
693
985
827
343
803
691
384
61
123
430
976
193
537
420
492
408
694
93
964
389
888
648
573
298
205
351
678
70
414
98
105
210
71
695
960
214
681
90
411
245
348
418
27
391
153
566
764
423
700
54
138
238
474
94
278
43
630
805
176
800
811
102
443
206
229
152
129
498
361
191
935
196
576
160
654
186
366
913
14
235
745
1002
103
66
491
291
316
261
697
723
596
42
982
650
912
682
300
760
382
258
227
721
988
339
285
277
575
244
849
330
175
155
824
680
169
38
150
396
85
454
416
359
20
444
371
362
122
313
401
440
251
334
677
79
488
539
166
199
551
209
236
287
188
956
565
185
377
429
212
34
6
452
398
148
381
865
419
671
151
180
289
882
315
973
875
357
283
767
372
