112
668
797
342
514
774
436
603
265
328
17
453
36
781
158
864
957
761
127
834
825
548
619
461
564
2
920
0
618
624
445
636
463
35
725
983
796
529
915
952
593
480
978
926
660
801
528
643
938
944
828
609
904
943
665
980
538
963
746
590
714
667
780
868
726
532
512
934
777
637
60
844
48
577
877
82
518
853
661
792
769
925
788
485
736
815
335
755
156
927
749
729
891
675
626
571
979
743
355
835
530
646
65
809
507
987
838
759
468
776
225
5
728
747
784
909
462
894
958
635
132
804
67
986
464
863
53
945
786
685
338
322
856
230
579
645
165
727
713
78
540
748
22
977
374
647
798
588
114
848
869
506
867
145
966
649
779
722
750
332
638
615
734
599
656
692
604
669
613
286
807
587
659
62
1000
735
115
974
197
550
246
207
284
612
757
572
873
684
124
508
655
879
466
110
232
884
999
737
813
310
549
460
972
561
845
220
242
620
840
256
86
969
233
989
499
917
536
741
910
269
820
830
527
703
854
247
9
833
257
16
705
3
600
993
699
706
301
948
534
772
708
405
393
59
554
459
55
13
859
502
446
997
174
928
791
535
939
368
581
817
949
765
617
327
710
846
763
771
936
782
387
281
523
709
878
704
163
597
614
633
280
651
666
689
509
489
937
831
850
259
40
111
558
778
531
525
376
173
130
117
589
29
585
1003
11
783
513
437
843
557
141
885
567
752
930
664
818
320
598
282
841
916
857
758
546
896
159
870
142
547
756
847
515
275
762
892
164
367
87
901
394
517
578
793
378
467
108
992
347
204
146
970
520
861
268
707
829
77
994
739
516
961
653
1
521
415
886
83
465
662
545
356
644
698
634
95
823
228
